Yi	ni	x1i	x2i
169.2	7	0.857	0
56.82	6	0.167	0.667
25.52	6	0	1
90.67	5	0.8	0.2
92.65	8	0.5	0
87.76	9	0.667	0
70.78	5	0	0.2
56.17	8	0	0.25
151.88	5	0	0
67.5	7	0.571	0.143
74.42	5	0	0
139.31	8	0.625	0
35.94	7	0	0.143
62.04	11	0	0.273
66.12	5	0.6	0
82.56	14	0.714	0
83.65	7	0.571	0
126.67	12	0.667	0.167
38.91	8	0	0.25
71.87	9	0.778	0
74.96	7	0.571	0.143
76.38	9	0.667	0
79.49	6	0	0.167
80	9	1	0
88.19	6	0	0
97.43	14	0.786	0
109.13	8	0.125	0
80.99	5	0.2	0.4
86.63	15	0.8	0
176.52	9	0.222	0.111
106.01	6	0.333	0.167
93.71	7	0	0.143
94.71	8	0	0
96.42	6	0.333	0.333
128.64	9	0.556	0.111
64.62	7	0	0.286
72.1	13	0.615	0
90.68	7	0.143	0
70.11	6	0.333	0
185.52	6	0.5	0
31.48	16	0	0.563
53.63	18	0	0
63.23	5	0	0
73.45	5	0	0
95.77	5	0.2	0.4
43.72	14	0	0.143
57.55	9	0	0.333
59.22	7	0	0.571
79.53	6	0.167	0.167
72.38	5	0	0
66.56	16	0.438	0.25
83.33	5	0.2	0
87.32	6	0.167	0.333
76.59	8	0	0.375
155.14	8	0	0
89.1	17	0.765	0.118
91.75	12	0.167	0
71.25	16	0.688	0.125
92.32	6	0.333	0.167
98.78	12	0.5	0.333
100.9	13	0.769	0
122.14	11	0	0
64.09	7	0.857	0
71.54	13	0.923	0
176.36	5	0	0
180.76	5	0.2	0
56.7	18	0.056	0.778
69.66	8	0.625	0
92.2	7	0	0.143
70.1	5	0	0
191.32	8	0.25	0
64.72	7	0	0.429
83.9	6	0.167	0
52.47	6	0.167	0.333
63.7	5	0.2	0
69.07	5	0.6	0
78	21	0.667	0
98.04	5	0	0
59.74	11	0	0.182
161.26	13	0	0.077
272.56	5	0.2	0
63.15	16	0.188	0.125
87.99	11	0	0
82.74	5	0	0.2
63.24	10	0.1	0
78.65	5	0	0.2
80.93	12	0.583	0
84.76	18	0.611	0
80.27	6	0	0.333
95.54	9	0.333	0.222
101.67	6	0	0.333
178.8	5	0	0
82.75	10	0	0.2
90.99	16	0.563	0.125
67.22	8	0	0.125
76.92	7	0.571	0
86.44	7	0	0.143
87.53	9	0.111	0
91.97	8	0.25	0
67.93	8	0.75	0
176.69	8	0	0.25
73.55	31	0.516	0
94.17	5	0	0
200.51	9	0	0
77.44	29	0.724	0
82.97	8	0	0
85.58	7	0	0
94.25	10	0	0
61.55	6	0	0
64.33	6	0	0.333
67.91	25	0.44	0.08
70.36	9	0	0
75.87	5	0	0
95.19	17	0.824	0
192.52	7	0.429	0.143
59.93	5	0	0.4
71.49	6	0	0
63.33	5	0.2	0
88.57	7	0	0
71.66	6	0.167	0.333
24.14	25	0	0.96
63.25	13	0	0
70.35	34	0.882	0.029
77.49	8	0.125	0
80.22	5	0	0
130.37	14	0	0
55.55	8	0	0.125
67.99	10	0.1	0
168.11	5	0.2	0
64.91	9	0	0.222
72.8	9	0	0
75.65	10	0	0
79.51	15	0.667	0
93.91	10	0.1	0.4
83.9	9	0	0
107.22	7	0	0
75.37	10	0	0.1
129.84	31	0.871	0
60.99	6	0	0.333
71.89	9	0	0.111
76.19	5	0	0
95.44	7	0.143	0
133.99	7	0	0
63.73	12	0.75	0
76.47	7	0.286	0.143
84.65	7	0	0
91.29	5	0	0
97.63	9	0	0.333
64.09	9	0.222	0.556
74.47	6	0	0
88.77	11	0	0
97.46	17	0.353	0.059
115.66	7	0	0
85.39	5	0	0.2
61.1	30	0.933	0.033
71.48	5	0	0
94.58	9	0	0
73.02	12	0	0.083
86.36	5	0	0.4
59.36	8	0	0.25
73.41	13	0.077	0.077
101.17	12	0.083	0.167
47.97	12	0	0.333
65.92	16	0	0.188
103.5	7	0	0
139.28	8	0	0
66.33	10	0	0.3
80.6	7	0	0.143
83.29	7	0	0
86.89	9	0	0
178.75	7	0.571	0
42.6	7	0	0.571
58.92	5	0	0
72.37	7	0	0
73.95	9	0	0
75.11	7	0	0
57.29	7	0	0.286
68.29	11	0	0
69.88	12	0	0
70.62	8	0	0
71.62	19	0.737	0.105
58.85	8	0	0.25
63.22	6	0	0
76.23	7	0	0
146.65	6	0	0
63.54	8	0	0
65.28	6	0	0
58.42	11	0.091	0.545
65.46	5	0	0.2
68.24	10	0	0
77.27	7	0	0
98.76	7	0	0.429
64.96	5	0	0
65.83	7	0	0.286
68.66	6	0	0
83.29	8	0	0
94.1	11	0.182	0.182
57.52	7	0	0.143
61.19	8	0	0.375
67.52	8	0	0
67.97	9	0	0
80.88	12	0.333	0.083
85.72	6	0	0
87.32	7	0	0
127.78	8	0	0
201.16	9	0.111	0
223.91	7	0	0
58.35	7	0	0
92.98	15	0.267	0
203.2	6	0.167	0
288.66	11	0	0
158.1	11	0.091	0
177.87	6	0	0
59.69	9	0	0
62.16	9	0	0.222
72.41	6	0	0
81.76	10	0	0.1
124.85	16	0.438	0
111.63	6	0	0
76.35	7	0.143	0
76.99	32	0.938	0.063
92.34	11	0	0
61.68	7	0	0
64.95	7	0	0.286
77.17	17	0.882	0.059
123.31	5	0	0
188.49	16	0	0
81	13	0	0.077
85.94	9	0.222	0
95.41	8	0.125	0.125
141.4	8	0.625	0
57.8	5	0	0
57.98	8	0	0
67.24	17	0.059	0.176
62.38	5	0.2	0.2
170.56	11	0.091	0
57.58	6	0	0.333
65.09	5	0	0
71.4	9	0	0.111
80.83	18	0.667	0.111
92.44	9	0	0
116.22	6	0	0
116.76	7	0.429	0
125	15	0	0
141.24	10	0	0
150.27	9	0	0.111
65.33	8	0	0
70.89	18	0.333	0
46.11	7	0	0.286
95.4	10	0.1	0
189.8	14	0.214	0
60.59	10	0	0.1
69.96	11	0.091	0
83.36	18	0.722	0.056
96.22	8	0	0
164.86	5	0	0
62.39	9	0.333	0
77.49	6	0	0.167
79.44	11	0	0.182
86.04	5	0	0
228.27	6	0	0
297.01	7	0.286	0
49.95	18	0.056	0.167
73.29	14	0	0
90.07	8	0	0
61.64	10	0	0.1
65.48	22	0.364	0.318
76.36	16	0.063	0
147.68	7	0	0
66.08	8	0	0
66.84	9	0	0.111
72.81	8	0	0.125
70.14	10	0	0.5
60.76	6	0	0.167
63.11	13	0	0
74.08	14	0.143	0.071
78.32	8	0	0.125
82.92	10	0	0
106.19	12	0.083	0
40.46	6	0	0.333
64.1	6	0	0.167
64.13	9	0	0.111
67.21	10	0.4	0.3
59.7	5	0	0
61.36	11	0	0.273
64.45	5	0	0
76.69	8	0	0
84.25	10	0	0.3
59.27	8	0	0.125
70.78	31	0.548	0.032
71.27	19	0.368	0
74.42	6	0.667	0.167
61.98	5	0	0
72.53	8	0	0
81.16	8	0	0
86.9	7	0	0.143
60.6	6	0	0.5
29.93	7	0	0
59.11	31	0.613	0.129
67.7	10	0	0
70.55	11	0	0
72.87	23	0.304	0.043
73.36	6	0	0
221	6	0	0
69.97	14	0.071	0.071
73.99	22	0.273	0.091
77.53	8	0.125	0.25
85.27	19	0.053	0.053
136.58	8	0	0
64.57	12	0.083	0.167
75.05	11	0	0
91.19	12	0.083	0.083
204.41	10	0.2	0
64.15	11	0	0.182
71.05	15	0.067	0
75.1	41	0.683	0.049
80.23	31	0.839	0.065
90.37	10	0	0
58.76	7	0	0.143
59	7	0	0.143
61.22	7	0	0.143
65.18	6	0	0.167
78.15	9	0	0
118.63	19	0.474	0
75.87	9	0	0
78.45	9	0	0
81.27	6	1	0.167
137.84	14	0	0
60.78	5	0	0.2
61.74	9	0	0.111
66.2	11	0	0.182
79.25	22	0.091	0.091
81.35	17	0.118	0.118
237.46	14	0.214	0
53.35	5	0	0.2
68.6	18	0.778	0
78.96	7	0	0
61.77	14	0.071	0.143
58.48	9	0.667	0.222
60.1	27	0.111	0.222
68.7	13	0.154	0
73.18	18	0.556	0.111
74.49	7	0	0.429
71.44	14	0.071	0.143
75.02	13	0.462	0.077
75.03	15	0	0
79.44	8	0	0
82.48	5	0.2	0
64.49	18	0	0.111
76.3	7	0	0
61.06	7	0	0.143
61.71	9	0.222	0.111
68.16	11	0	0.091
68.96	16	0.125	0.125
69.76	36	0.917	0
69.99	9	0	0.111
70.31	6	0	0.167
76.29	10	0	0
146.91	7	0	0
55.32	12	0	0.25
67.06	18	0	0.056
75.59	16	0	0.063
77.2	12	0	0.083
32.21	13	0	0.385
81.57	6	0	0.167
83.29	8	0	0.125
109.36	22	0.818	0
235.2	14	0.143	0
59.79	11	0.091	0
64.31	13	0	0.077
65.53	10	0.1	0.1
69.95	8	0	0.125
75.36	35	0.029	0.029
76.03	10	0	0.1
98.93	6	0	0
69.57	6	0.667	0
189.88	15	0.067	0
57.06	7	0	0.143
76.41	9	0	0.111
89.04	10	0	0.1
29.76	19	0	0.158
77.29	20	0	0.05
77.77	10	0	0.2
128.8	30	0.267	0.067
60.52	26	0.308	0.385
153.81	10	0	0.1
58	10	0	0.2
71.36	10	0	0.3
62.41	6	0	0.167
72.64	9	0.111	0.111
77	9	0	0
55.74	7	0	0
66.72	17	0.765	0
75.26	7	0.429	0.143
81.72	16	0	0.063
100.87	31	0.387	0.226
170.17	8	0	0
60.99	10	0	0.1
69.49	10	0	0.1
73.7	19	0.105	0.053
78.36	14	0	0
80.38	10	0.1	0.1
84.97	20	0.1	0.15
88.89	15	0.2	0.067
103.18	8	0	0
66.68	16	0	0.5
55.76	7	0	0.143
57.61	21	0.048	0.476
70.92	7	0	0
78.61	7	0	0
106.56	6	0	0.167
155.11	12	0	0
65.54	6	0	0
70.86	18	0.056	0.167
73.61	12	0	0
76.41	8	0	0
73.54	6	0	0.167
83.17	35	0.486	0.057
116.65	18	0	0
56.75	21	0	0.095
83.15	11	0	0
89.32	21	0.476	0.143
53.34	15	0	0.533
55.21	7	0	0.143
60.01	13	0	0
65.48	12	0.25	0.333
66.25	12	0	0.167
68.13	8	0	0.125
70.7	8	0	0
70.89	8	0	0.125
76.77	19	0.421	0.053
57.56	12	0	0.167
82.35	7	0.286	0.143
73.93	12	0	0
79.67	10	0.1	0.2
58.5	15	0	0.2
61.58	10	0	0
77.16	9	0.111	0.111
71.1	11	0.455	0.091
77.99	12	0	0
218.11	11	0.273	0
56.54	8	0	0.125
64.55	11	0.182	0.455
72.76	12	0	0
75.25	5	0.4	0
85.46	7	0	0
75.96	5	0	0.2
147.49	6	0	0
60.86	9	0	0.333
77.11	12	0	0
65.93	6	0	0.167
76.1	11	0	0
76.11	63	0.905	0.048
83.06	14	0.643	0
174.91	8	0.375	0
57.39	10	0	0
64.29	14	0.071	0.143
67.5	11	0.455	0.364
75.49	17	0.176	0.118
93.56	11	0	0
56.68	10	0	0
261.1	9	0.222	0
285.69	5	0.2	0
64.86	19	0.579	0
72.17	15	0.333	0.333
82.03	15	0.2	0
99.01	15	0.067	0
81.68	12	0	0
62.17	12	0	0.083
66.53	12	0	0.083
74.24	8	0	0
74.98	5	0.4	0.2
75.09	16	0	0
251.34	12	0.25	0
65.63	14	0	0.071
70.86	11	0	0.091
74.07	5	0	0
60.21	24	0.083	0.542
60.22	10	0.1	0.2
72.96	32	0	0.094
78.44	11	0	0
79.25	11	0	0.182
91.43	5	0.2	0
282.41	7	0.143	0
55.75	14	0	0
60.24	11	0	0.091
66.65	10	0.1	0
69.68	12	0	0.083
76.43	20	0.5	0.05
79.01	9	0	0.111
59.95	56	0.554	0.089
82.84	16	0.25	0.188
70.79	6	0.833	0
70.01	14	0.143	0.143
78.26	5	0	0
81.19	20	0.15	0
59.62	15	0	0.2
71.43	7	0	0
75.59	6	0	0
80.58	13	0.077	0
57.7	8	0	0.375
58.51	6	0	0.167
59.1	10	0	0.2
73.06	12	0.083	0.167
74.96	12	0	0
134	13	0	0
234.05	18	0.111	0
44.64	30	0.067	0.7
81.87	19	0.789	0.053
99.73	8	0.125	0
119.03	10	0	0
178.81	12	0	0.167
56.13	11	0	0.545
71.38	5	0	0
72.18	23	0.696	0
77.1	13	0	0.077
58.46	12	0.083	0
72.49	19	0.737	0.053
80.05	16	0.188	0
86.81	22	0	0.136
245.19	7	0.143	0
62.94	17	0.059	0.176
63.92	16	0	0
76.9	12	0	0
78.52	16	0.063	0
63.69	18	0	0.222
74.29	10	0	0
85.73	6	0	0
98.79	16	0.625	0
43.4	6	0	0.5
60.38	14	0	0.071
65.78	8	0	0
66.93	8	0.125	0
69.82	11	0	0.182
76.37	15	0	0
213.15	9	0	0.111
65.28	9	0	0.111
136.78	12	0	0
157.5	9	0.222	0
475.22	5	0	0
75.42	15	0	0
87.21	16	0.25	0
93.42	46	0.652	0.196
191.86	11	0	0.091
64.37	11	0	0.091
74.43	12	0	0.083
81.33	12	0	0.083
81.91	19	0	0
92.23	11	0	0.091
167.02	13	0.154	0
85.22	16	0	0
61.91	16	0	0.063
60.94	20	0.4	0.25
62.36	8	0	0
66.75	13	0	0.077
72.2	7	0	0.143
75.29	20	0.1	0.05
79.75	6	0	0.167
98.29	7	0	0
62.29	9	0	0.111
78.48	14	0	0.071
57.28	7	0	0
70.11	11	0	0.091
71.03	6	0	0.167
71.98	7	0	0.143
77.14	8	0	0
82.67	9	0	0
69.62	5	0	0
63.22	13	0	0
75.23	14	0	0.071
57.83	12	0.167	0.417
65.52	10	0.2	0.1
68.17	23	0	0.217
66.84	15	0	0.133
164.06	11	0	0
61.19	14	0.071	0
62.96	22	0.045	0
73.72	14	0	0
75.16	46	0.652	0.109
55.17	6	0.167	0.167
61.12	16	0.063	0.438
81.04	14	0	0.071
93.87	15	0	0
27.77	6	0	0.833
55.9	7	0	0
48.24	9	0	0.222
57.08	9	0	0.111
77.17	5	0	0
64.24	21	0.095	0.143
70.98	14	0	0
75.54	12	0	0
77.36	15	0	0
74.65	15	0	0
75.96	26	0.538	0.154
73.82	11	0	0
161.41	8	0.375	0
77.83	19	0.053	0.053
79.51	46	0.522	0.065
80.98	8	0	0.125
62.43	20	0	0.25
64.13	11	0	0
46.63	9	0	0.111
51.18	5	0	0
62.74	16	0	0.063
74.53	31	0.581	0.032
66.86	5	0	0
70.12	27	0.778	0.037
78.9	11	0	0
86.27	8	0.125	0
63.7	8	0	0.125
66	8	0	0.125
75.1	11	0.273	0.273
169.98	18	0.389	0
246.5	9	0.111	0
57.69	13	0.077	0.154
64.45	9	0	0.222
130.82	17	0	0.059
86.33	5	0	0
62.16	16	0	0.25
71.92	14	0	0.143
73.34	13	0	0.154
75.52	18	0	0.056
69.19	20	0.55	0
72.04	18	0.111	0.056
83.19	21	0	0
90.78	22	0.636	0
45.52	36	0	0.694
60.95	12	0	0.083
67.23	14	0	0.429
60.98	5	0	0
76.62	20	0	0.25
79.91	24	0.542	0.042
67.09	7	0	0.143
58.2	8	0	0.375
61.32	13	0	0.231
66.8	11	0.091	0
69.55	21	0	0.19
51.18	7	0	0.143
69.42	11	0	0.182
70.68	31	0.032	0.129
71.92	13	0	0
77.85	12	0	0.083
77.01	5	0	0
70.67	8	0.125	0.25
75.62	7	0	0.143
94.61	11	0	0
63.34	13	0.154	0.231
70.78	36	0.278	0.028
100.04	9	0	0
61.3	18	0	0.167
63.28	19	0	0.105
66.79	22	0	0.045
51.69	6	0	0.333
51.81	11	0	0.273
68.72	24	0	0
77.62	5	0	0
69.66	12	0	0
232.94	19	0.105	0
74.27	19	0.053	0.105
95.1	21	0	0
94.71	13	0	0.077
63.48	24	0.042	0.167
68.66	11	0	0.091
74.32	7	0	0
93.87	8	0	0
100.05	14	0	0.071
66.18	11	0	0.091
68.44	11	0	0
92.24	43	0.628	0.023
60.9	69	0.594	0.101
64.69	11	0	0.091
74.34	18	0	0
74.63	14	0.071	0
67.67	11	0.182	0
69.99	15	0	0.067
70	18	0	0
76.81	12	0	0.083
85.54	9	0	0
112.52	23	0.043	0.13
58.69	13	0	0.154
63.1	33	0.364	0.061
63.3	9	0	0.111
71.77	10	0	0
64.45	15	0	0.133
101.59	24	0.333	0.167
146.11	12	0	0.083
65.88	6	0	0
317.6	14	0.143	0
56.9	14	0	0.286
60.07	13	0	0.077
60.86	9	0	0
65.97	6	0	0
69.99	18	0.333	0
84.52	10	0	0
84.99	14	0.214	0
51.53	5	0	0.4
69	12	0	0.333
188.54	9	0	0
67.18	13	0	0.077
66.89	18	0.444	0.056
75.52	14	0	0
86.59	13	0	0.154
93.5	17	0.176	0.059
45.2	10	0	0.4
71.78	15	0	0.067
57.85	17	0	0.529
97.2	11	0	0
206.55	9	0	0
69.22	14	0	0.071
76.06	16	0	0
84.02	13	0	0
108.97	28	0.643	0.036
70.41	11	0	0
155.5	15	0.133	0
72.59	15	0	0.2
82.79	12	0.083	0.083
83.51	13	0	0.077
83.84	12	0	0
75.7	9	0	0.111
84.87	11	0.091	0.182
116.23	7	0	0
71.27	16	0	0.063
73.34	12	0	0.083
53.12	14	0	0.071
67.3	15	0	0
74.75	15	0.067	0.067
63.78	16	0	0
94.59	18	0.167	0.167
68.96	37	0.649	0.108
69.79	11	0	0
72.79	8	0	0
112.09	20	0	0.05
198.43	12	0.25	0
65.72	17	0	0
76.58	12	0	0
69.32	10	0	0
78.26	11	0	0.091
80.43	15	0	0
136.89	13	0.077	0.077
56.79	29	0	0.207
68.29	19	0	0.053
72.83	15	0	0.2
62.86	23	0	0
65.6	9	0.556	0
69.77	12	0	0.167
80.68	28	0.25	0.036
73.09	14	0	0.214
81.56	5	0	0
62.63	7	0	0
71.56	7	0	0.429
61.4	11	0	0.091
73.46	10	0	0.1
73.73	18	0	0.056
85.99	19	0	0.053
58	20	0	0.15
59.16	9	0.111	0.111
65.86	19	0	0.368
94.89	13	0.077	0.077
81.97	8	0	0
76.6	13	0.077	0
77.86	47	0.894	0.064
80.57	6	0	0
71.83	7	0	0.143
35.21	8	0	0.125
68.13	14	0.071	0.143
68.46	7	0	0
158.32	20	0.05	0
60.54	16	0	0
63.59	28	0.107	0.071
71.31	22	0.045	0.182
198.58	31	0	0
67.64	23	0	0
80.99	20	0	0.1
62.82	8	0	0.25
63.27	7	0	0.429
71.33	14	0	0.071
77.35	26	0	0.077
83.89	16	0	0
65.88	15	0	0.133
69.23	57	0.702	0
69.9	21	0	0.048
70.9	10	0	0
72.94	20	0.1	0.05
76.76	29	0.621	0.069
92.15	10	0.1	0.1
71.54	25	0	0.08
66.44	8	0	0
72.7	17	0.118	0
60.46	17	0.588	0
60.9	16	0	0.063
64.5	26	0	0.115
65.74	11	0	0.091
91.91	20	0.05	0
200.5	16	0.563	0
62.51	12	0	0.167
78.56	18	0	0.056
60.01	15	0	0.067
69.01	14	0	0.143
79.16	25	0	0.04
59.34	20	0	0
74.56	53	0.547	0.038
82.22	26	0.038	0.038
64.27	15	0	0
65.52	17	0	0.059
85.97	16	0	0.125
61.5	6	0	0.333
134.93	12	0	0.083
62.13	12	0	0.083
65.27	13	0	0
68.91	17	0	0.118
73.12	70	0.3	0.014
57.42	9	0	0.111
75.98	34	0	0
65.67	14	0	0.214
68.23	9	0	0.222
73.43	6	0	0
64.2	11	0	0.182
92.41	9	0	0.111
62.18	5	0	0.4
64.29	5	0	0
88.03	13	0	0.154
61.17	10	0	0.1
60.09	18	0	0.167
64.27	13	0.077	0.154
73.97	20	0.25	0
92.53	17	0.118	0.059
58.97	8	0.125	0
53.79	19	0	0.211
64.88	17	0.059	0
69.68	11	0	0.182
59.7	8	0	0
69.21	7	0.571	0.143
183.68	24	0.042	0.042
61.05	23	0	0.217
61.71	16	0	0.063
77.45	12	0	0.083
185.28	15	0.533	0
174.85	8	0.125	0
75.09	29	0.414	0.069
193	23	0	0
64.84	26	0	0.115
68.35	8	0	0
69.3	11	0.091	0
87.59	97	0.598	0.041
80.53	14	0	0.071
115.48	14	0.214	0
65.71	16	0.063	0.313
74.87	5	0	0
45.62	9	0	0.333
255.1	39	0.179	0
57.9	38	0.605	0
71.28	12	0	0
77.64	21	0	0.095
60.62	8	0	0.125
62.82	6	0	0.167
59.63	33	0.091	0.697
64.94	16	0	0
66.96	23	0	0.174
85.22	16	0	0
92.7	14	0.286	0.071
63.59	11	0	0.182
53.71	5	0	0
66.58	22	0	0
63.62	15	0	0
72.99	9	0	0.444
64.8	29	0.034	0.103
68.79	25	0.08	0.2
86.03	10	0	0
64.15	15	0	0.333
65.7	15	0	0.133
76.08	18	0	0
105.48	14	0	0
71	13	0	0.308
77.8	14	0	0.071
64.91	20	0	0.1
69.74	26	0.077	0
63.43	8	0	0.125
65.25	17	0	0
65.29	20	0	0
61.22	20	0	0.05
65.61	24	0	0.042
66.38	18	0	0.056
67.96	19	0	0.053
74.66	18	0	0
75.27	13	0.154	0.077
67.06	9	0	0.111
45.52	7	0	0.429
64.91	11	0	0.182
101.75	26	0.192	0
61.61	30	0.067	0.6
91.01	38	0.395	0.079
61.16	11	0	0.182
79.51	15	0	0.067
102.46	16	0	0.063
70.81	6	0	0.167
177.88	24	0.417	0
63.39	12	0	0.333
72.01	35	0.4	0.143
62.46	21	0	0.143
67.18	22	0	0.091
73.88	48	0.646	0.146
167.41	9	0.333	0
57.83	19	0	0.263
64.57	28	0	0.214
69.25	22	0	0.045
58.52	12	0	0
75.08	13	0	0.077
51.66	9	0	0.333
73.99	13	0.077	0.231
95.94	12	0	0
72.31	38	0.526	0.184
65.33	13	0	0.077
66.95	20	0.15	0.35
70.64	12	0.083	0.25
76.54	13	0	0.077
76.22	12	0	0
57.38	12	0.167	0.333
59.82	7	0	0.143
72.82	32	0.125	0.063
102.9	16	0	0
57.46	10	0	0.2
66.99	23	0	0.174
72.67	17	0	0.059
56.53	6	0	0.333
66.74	16	0	0.063
59.7	12	0	0.167
65.78	8	0	0.125
67.14	18	0	0.333
79.02	25	0.04	0.04
58.39	10	0	0
225.72	64	0.125	0
75.65	8	0	0
58.67	31	0	0.129
63.65	16	0	0.188
67.94	15	0	0
75.19	25	0	0
75.47	37	0.216	0
45.68	5	0	0.2
74.9	6	0	0.167
67.25	13	0	0
67.65	20	0	0.2
70.59	60	0.4	0.333
60.37	11	0.091	0
56.92	6	0	0.333
55.71	19	0	0.316
69.08	22	0	0
69.6	29	0.379	0.172
82.05	12	0.083	0.083
60.71	9	0.222	0.111
32.6	5	0	0.4
65.49	8	0	0.125
77.44	43	0.744	0.023
84.31	8	0	0
59.74	7	0	0.429
115.96	15	0	0
71.19	18	0	0
53.3	24	0	0.583
124.88	31	0.355	0.194
77.16	19	0.105	0.158
70.83	7	0	0
71.65	20	0	0.05
83.72	14	0	0.143
54.65	17	0.176	0.588
72	17	0	0.176
59.74	16	0.125	0.313
71.48	5	0	0.2
68.25	8	0	0
61.43	17	0	0.235
77.59	15	0	0
62.89	16	0	0.063
61.13	11	0	0.091
62.38	21	0	0.286
71.1	8	0.25	0.125
56.92	7	0	0.429
67.61	51	0.608	0.137
62.4	24	0	0.208
59.38	42	0.024	0.81
59.98	10	0	0.1
79.14	12	0	0.25
163.6	17	0	0
81.87	23	0	0
84.47	54	0.5	0.037
64.4	28	0	0.107
71.26	20	0	0
58.32	20	0	0.15
60.83	33	0.121	0.303
70.79	24	0	0.125
71.64	33	0	0.03
61.49	5	0	0.4
196.96	25	0.2	0
69.56	24	0	0
70.49	15	0.133	0.133
69.06	9	0.333	0
150.35	50	0.56	0.04
60.79	20	0	0.35
75.17	13	0	0
63.37	11	0	0.091
245.01	24	0.25	0
63.26	19	0	0.211
63.47	17	0	0
74.92	13	0	0.077
81.63	8	0	0
185.94	23	0.087	0
63.67	17	0	0.059
115.7	41	0.561	0.024
76.31	8	0	0.125
90.17	19	0	0
72.64	37	0	0.054
100.38	33	0	0
57.91	11	0	0.091
58.93	10	0	0.3
157.36	26	0	0
63.27	26	0.115	0.115
76.08	40	0.025	0.075
46.8	12	0	0.583
63.1	48	0.063	0.125
71.67	7	0	0.143
68.48	33	0.212	0.455
66.05	6	0	0
143.11	30	0.233	0.133
65.72	27	0	0.111
73.81	20	0	0
102.02	8	0.125	0
67.05	49	0	0.082
60.14	28	0	0.25
80.28	12	0.083	0.083
53	7	0	0
61.34	24	0	0.333
63.38	5	0	0.4
71.88	21	0	0
61.69	31	0.065	0.097
82.79	10	0	0.2
90	17	0	0.059
131.63	27	0	0
77.07	8	0	0
215.35	66	0.106	0
59.19	30	0	0.267
76.31	23	0.043	0
91.87	22	0	0.045
177.86	23	0	0.043
109.78	17	0	0
80.06	22	0.045	0.045
154.98	57	0.842	0
89.02	14	0	0.143
62.41	15	0	0.267
72.64	27	0	0.074
78.1	40	0.075	0.05
82.39	36	0.028	0.028
63.09	21	0.143	0.571
92.02	7	0	0
80.86	16	0.063	0.125
60.35	20	0	0.05
66.42	7	0	0.143
74.11	32	0.063	0.031
87.93	24	0.042	0.042
60.37	29	0.103	0.241
81.05	32	0	0
67.12	13	0	0.231
74.33	14	0	0.286
58.94	23	0	0.13
89.47	44	0.5	0.045
57.56	8	0	0.25
89.09	17	0	0.118
68.63	14	0.143	0.214
77.28	32	0.375	0.031
82.89	16	0	0
50.85	7	0	0.857
64.68	20	0	0.05
87.96	13	0.077	0
69.5	69	0.478	0.043
73.91	38	0	0.053
81.02	14	0	0.071
84.22	8	0	0
65.52	20	0	0
87.66	35	0	0.143
114.49	5	0	0
62.47	14	0	0.071
63.22	28	0.036	0.036
66.37	15	0	0.133
87.56	43	0.651	0
79.96	13	0	0.077
47.69	6	0	0.167
51.34	21	0	0.095
67.68	18	0	0.278
72.96	43	0.023	0
93.81	30	0	0.033
173.61	7	0	0.143
59.18	21	0	0.238
91.86	23	0	0
67.45	16	0.125	0.125
87.77	11	0	0.364
48.44	7	0	0.571
51.68	21	0	0.238
66.45	26	0.115	0.038
72.9	33	0	0.121
78.77	29	0.379	0.034
79.6	40	0	0
66.27	17	0	0.059
71.88	54	0.407	0.037
75.45	10	0	0
81.37	21	0	0
95.74	36	0.111	0.056
271.88	14	0.214	0.071
79.11	23	0	0.087
76.19	44	0.682	0.023
65.38	7	0	0
65.72	34	0.059	0.176
57.56	7	0	0.143
69.08	33	0.182	0.091
73.96	76	0.382	0.053
88.14	19	0	0.053
94.15	48	0.083	0.083
65.82	15	0.067	0.2
61.53	20	0	0.15
63.14	20	0.05	0.05
66.09	20	0	0
64.33	15	0	0.333
84.29	17	0	0.059
66.49	21	0	0.095
71.54	15	0	0
81.45	21	0	0.571
71.69	12	0.083	0.167
69.04	33	0	0.03
72.17	25	0	0.04
53.45	6	0.167	0.333
29.95	6	0.167	0.667
50.49	7	0	0.143
61.85	31	0	0.032
76.05	11	0.091	0.182
31.5	7	0	0.286
64.29	19	0	0.105
60.3	14	0	0.357
61.8	45	0.267	0.267
69.53	23	0	0.174
57.45	34	0	0.176
60.64	18	0.056	0.056
71.81	49	0.388	0
75.64	18	0	0.111
74.47	38	0.263	0.053
84.93	26	0	0
35.43	8	0	0.625
33.91	8	0.125	0.125
80.5	24	0	0.167
58.51	31	0	0.097
70.29	15	0	0.267
63.31	32	0	0.188
67.36	19	0	0.105
62.56	21	0	0.143
81.26	43	0.023	0.023
82.53	29	0.138	0.069
61.59	44	0.023	0.136
65.58	22	0	0.091
76.64	45	0.178	0.044
63.95	35	0	0.171
65.14	18	0	0.111
65.59	24	0	0.042
67.79	10	0.1	0.1
73.98	35	0.029	0.057
98	49	0.408	0.061
152.88	79	0.582	0.013
55.55	10	0	0.3
74.13	25	0	0.12
66	44	0.182	0.409
60.46	14	0	0
73.31	15	0	0.133
81.66	12	0	0
105.88	22	0	0
65.01	26	0	0.154
64.57	21	0	0.19
68.65	7	0	0.143
71.21	16	0	0.188
247.93	24	0.208	0
45.31	13	0	0.308
61.44	17	0	0.176
66.92	45	0	0.156
77.89	28	0	0.071
57.5	23	0	0.174
47.8	11	0	0.364
185.86	26	0.115	0
208.21	9	0.222	0
53.64	22	0	0.273
67.36	24	0	0.167
74.92	27	0	0
42.65	6	0.167	0.667
69.13	28	0	0.036
83.01	24	0.583	0
241.36	17	0.176	0
214.48	28	0.107	0
53.63	21	0	0.238
58.76	27	0	0.185
67.79	31	0	0.129
47.91	16	0	0.063
61.24	26	0.154	0.038
66	6	0	0.167
67.65	28	0	0
87.72	11	0	0.091
66.11	19	0	0.105
69.93	13	0.077	0.231
61.01	19	0	0.211
62.3	29	0	0.207
60.34	19	0	0.368
59.47	39	0	0.385
67.49	74	0.392	0.054
41.81	9	0	0.333
57.21	12	0	0.083
59.23	33	0	0.091
67.46	26	0	0.077
74.61	37	0.054	0.081
144.01	36	0	0
57.64	27	0	0.259
59.98	15	0	0.067
49.6	11	0.091	0.182
65.99	14	0	0.143
62.54	30	0	0.033
70.82	52	0.615	0.077
55.3	25	0	0.16
66.35	24	0.042	0
72.17	56	0	0.018
78.71	92	0.826	0
84.27	16	0	0.063
75.92	87	0.517	0.057
67.51	15	0	0
80.35	22	0	0
57.12	50	0	0.12
58.95	19	0	0.053
102.53	32	0.313	0.063
87.58	33	0	0.061
61.83	29	0	0.207
65.76	22	0.091	0.091
129.87	20	0.1	0
69	41	0.024	0
79.48	58	0.552	0.069
90.11	30	0	0.033
72.07	26	0	0.154
63.03	42	0.048	0.19
121.05	40	0	0.025
64.62	13	0	0.231
73.31	24	0	0.083
68.71	24	0	0.167
61.62	16	0	0.125
59.29	22	0	0.045
67.23	21	0	0.095
62.15	26	0	0.269
86.93	15	0	0
80.5	23	0	0.043
51.28	5	0	0.4
73.62	29	0	0.034
74.36	15	0	0.067
70.31	12	0	0.25
58.89	15	0	0.733
109.82	28	0.143	0.036
58.33	12	0.083	0.25
71.23	59	0.356	0.102
62.36	47	0	0.191
78.15	19	0	0
67.18	18	0	0.111
65.57	28	0	0.107
57.74	21	0	0.19
57.4	36	0	0.028
81.29	12	0	0.083
191.84	38	0.184	0.026
58.53	36	0	0.194
69.55	12	0	0
73.34	33	0	0.121
66.09	33	0	0.061
73.63	46	0	0
86.6	48	0	0.021
66.44	29	0	0.034
86.2	30	0.167	0.033
78.44	25	0	0.08
60.4	36	0	0.306
78.65	38	0.053	0.026
66.92	27	0	0.148
74.09	30	0	0.033
61.13	26	0	0.154
63.96	30	0	0.033
65.24	27	0	0.074
63.58	29	0	0.103
88.84	135	0.533	0.052
69.77	36	0.028	0
84.49	23	0	0.13
113.41	32	0	0
70.07	43	0.023	0.093
83.64	17	0	0.059
62.09	16	0	0.063
80	51	0.098	0.118
62.25	26	0	0.231
63.09	28	0	0.036
58.05	28	0	0.143
84.31	12	0	0.167
64.86	28	0	0.179
71.25	35	0.2	0
51.5	13	0	0.462
184.4	52	0	0.058
56.26	20	0	0.25
108.03	21	0	0.048
88.03	26	0	0.038
68.32	6	0.167	0
64.72	19	0.105	0.105
59.92	15	0	0.2
58.25	32	0	0.281
66.92	32	0.031	0.344
45.51	10	0	0.6
61.64	44	0.045	0.227
54.18	27	0	0.185
60.51	43	0	0.093
59.41	17	0	0.176
121.89	54	0.056	0
54.83	20	0	0.25
200.64	19	0.158	0
69.04	18	0	0.111
65.75	48	0.458	0.104
73.3	42	0.024	0.071
208.23	36	0.167	0
69	40	0.225	0.125
32.84	7	0	0.143
145.36	52	0.5	0.058
72.32	5	0	0.2
96.4	18	0	0
65.15	32	0	0.063
71.63	25	0	0
147.81	28	0.036	0
65.4	25	0	0.12
59.56	31	0	0.323
74.82	41	0.22	0.073
81.89	52	0.212	0.019
83.33	25	0	0
64.97	28	0.036	0.143
69.33	57	0	0.175
55.43	37	0	0.216
69.83	25	0	0.08
69.96	25	0.04	0.04
76.57	34	0.265	0.059
50.44	24	0	0.125
80.82	29	0	0.069
85.5	29	0	0
154.98	22	0.136	0.182
67.56	35	0	0.229
57.47	28	0	0.357
73.17	25	0.04	0.16
52.83	22	0	0.273
98.61	41	0	0.049
62.46	16	0	0.25
77.42	13	0.077	0.077
64.87	12	0	0.083
86.37	37	0	0.027
64.06	72	0.042	0.153
62.96	52	0	0.038
62.44	42	0	0.095
68.26	29	0	0.103
60.78	46	0.043	0.109
64.19	19	0	0.105
63.65	41	0	0.098
82.76	77	0.442	0.104
76.23	19	0	0.053
76.01	32	0	0.063
101.54	15	0	0
73.11	24	0.042	0.125
66.07	32	0	0
68.69	39	0	0.154
68.1	29	0	0.138
73.48	9	0	0.111
68.23	16	0	0.063
70.69	22	0	0.091
64.1	35	0	0.171
95.95	28	0	0.036
55.79	58	0.034	0.414
76.5	38	0.053	0.132
216.08	27	0.037	0
59.53	31	0	0.065
68.54	32	0	0.063
85.28	23	0	0.043
66.46	37	0	0.081
172.06	99	0.384	0.071
70.09	15	0	0.133
93.48	19	0.158	0.053
63.8	21	0	0.238
178.06	39	0.385	0
59.76	37	0	0.297
74	22	0	0.091
65.11	22	0	0.045
135.94	37	0.027	0.027
91.85	32	0.031	0.031
63.96	16	0	0
86.57	26	0	0.115
251.57	40	0.075	0.025
59.58	13	0	0
63.19	30	0	0.2
57.93	42	0	0.071
53.91	7	0	0.429
69.41	72	0.306	0.028
72.89	22	0	0.091
65.77	28	0	0.036
61.14	24	0	0.042
65.84	47	0.043	0.128
58.01	10	0	0.4
60.48	30	0	0.133
74.33	38	0	0.026
130.7	57	0.491	0.018
72.14	51	0.02	0.039
75.41	17	0	0
69.17	26	0	0.115
70.53	38	0	0.079
75.87	13	0	0.077
78.49	35	0.2	0.057
64.04	22	0	0.318
69.67	27	0	0.111
71.08	25	0	0.04
113.17	36	0.083	0
63.16	61	0.311	0.066
61.59	48	0.063	0.125
59.92	20	0	0.1
78.97	9	0	0.111
70.22	45	0	0.044
170.66	39	0.154	0
87.3	31	0	0.097
60.42	76	0.25	0.039
67.44	37	0.027	0
54.39	47	0	0.17
40.69	6	0	0.667
72.14	9	0	0
63.2	54	0	0.167
71.39	43	0	0.163
110.15	76	0.25	0.105
67.06	57	0.018	0.053
74.03	47	0.043	0.085
128.21	29	0	0.034
60.46	40	0.025	0.3
61.05	16	0.063	0.188
62.2	26	0	0.115
72.7	43	0	0.047
58.64	9	0	0.222
60.45	30	0	0.1
73.53	29	0.241	0.207
73.95	33	0.303	0.091
69.8	63	0.032	0.127
64.68	25	0	0.16
111.21	62	0	0.113
61.66	55	0	0.145
55.74	16	0	0.25
100.13	47	0	0.021
67.11	11	0	0.091
67.46	28	0	0.071
103.97	119	0.412	0.008
211.12	26	0.115	0
82.28	29	0	0
72.85	78	0.09	0.013
65.8	39	0	0.154
75.01	40	0	0
51.33	55	0	0.073
61.02	34	0	0.147
66.63	21	0	0
62	18	0	0.056
70.15	43	0	0.07
70.89	14	0	0.286
73.64	35	0	0.057
35.31	13	0	0.385
79.59	92	0.283	0.033
61.76	17	0.059	0.059
65.64	90	0.389	0.178
76.44	27	0.111	0.148
219.55	62	0.145	0.016
68.28	20	0	0.1
60.72	76	0.092	0.132
37.84	10	0.1	0.2
75.17	37	0	0.054
57.12	26	0	0.269
59.11	52	0	0.154
72.05	55	0	0.036
63.28	19	0	0.053
74.36	86	0.267	0.012
51.2	15	0.067	0.067
88.04	72	0.5	0
106.55	29	0	0
60.83	15	0.333	0.2
67.88	49	0.204	0.143
76.76	222	0.604	0.018
95.79	60	0	0.017
104.39	42	0	0.024
70.75	59	0	0.085
62.09	28	0	0.143
64.24	40	0	0
73.93	34	0	0.029
106.29	17	0	0
62.04	8	0	0.25
71.98	37	0.216	0
54.89	56	0.036	0.411
59.99	64	0	0.219
67.95	61	0.016	0.246
60.5	28	0	0.179
63.07	41	0	0.049
48.67	26	0	0.423
65.5	42	0	0.095
55.38	47	0	0.34
60.41	49	0	0.041
142.1	30	0.133	0.033
60.84	59	0	0.153
63.63	34	0.029	0.118
64.74	64	0	0.203
71.45	42	0	0.095
89.64	84	0.381	0.083
71.8	56	0.321	0.071
74.4	73	0	0
61.13	46	0	0.043
77.38	35	0	0.086
61.76	41	0	0.024
58.13	80	0.05	0.188
57.81	47	0	0.043
76.79	36	0	0.056
172.77	61	0.279	0
66.8	74	0.054	0.122
68.27	78	0.051	0
70.57	68	0.015	0.103
73.67	65	0.246	0.231
61.87	48	0	0.104
87.35	26	0	0
69.6	40	0	0.125
77.23	50	0	0.06
75.98	17	0.059	0.235
60.1	50	0	0.2
71.3	33	0	0.061
79.15	119	0.462	0.034
56.81	22	0.045	0.227
66.79	22	0.091	0.182
123.23	53	0	0
63.78	58	0	0.138
57.99	10	0	0.3
57.07	38	0	0.158
53.48	28	0	0.357
71.39	52	0.019	0.058
72.62	40	0	0.2
192.04	54	0.037	0.019
66.74	33	0	0.121
62.87	36	0	0.139
72.59	29	0	0.034
97.73	47	0	0
63.62	51	0.02	0.059
64.46	47	0.021	0.128
76.12	45	0	0.044
75.95	47	0	0.085
63.75	42	0	0.119
59.08	29	0.034	0.345
70.98	36	0.028	0.028
70.05	89	0.281	0.011
87.94	86	0.012	0.081
63.71	59	0.034	0.339
70.94	34	0	0.029
51.6	17	0.059	0.353
69.98	49	0	0.041
73.03	73	0	0.082
43.19	5	0	0.4
206.49	83	0.108	0.036
78.99	62	0	0.145
72.64	37	0	0
61.78	32	0	0.219
183.44	45	0.156	0.022
60.06	56	0	0.143
88.23	43	0	0
71.16	48	0	0.042
108.31	35	0	0.029
51.51	18	0.056	0.333
55.87	38	0	0.237
64.74	62	0.032	0.081
71.76	56	0.018	0.036
74.39	45	0	0
65.53	60	0.15	0.083
46.31	9	0.111	0.444
112.5	43	0	0.023
67.46	73	0	0.027
67.69	23	0	0.217
66.23	67	0.209	0.119
75.48	57	0	0
82.34	47	0	0.064
70.81	73	0.096	0.082
64.93	53	0	0.019
75.07	40	0	0
75.6	137	0.635	0.015
85.34	40	0	0
66.91	75	0.04	0.267
74.43	58	0	0.086
74.25	37	0	0.189
56.76	25	0	0.12
58.64	21	0	0.095
70.82	33	0	0.061
77.72	9	0.111	0.222
66.15	54	0	0.037
71.11	48	0	0.146
66.94	66	0	0.061
56.21	9	0.111	0.222
71.46	29	0.034	0.172
94.76	62	0	0.048
67.85	34	0	0.206
58.63	48	0	0.25
63.11	82	0	0.159
52.52	62	0.016	0.065
73.24	51	0	0.02
64.3	32	0	0.094
68.99	17	0	0.118
67.99	59	0.017	0.051
68.47	55	0	0
66.07	91	0.11	0.209
61.25	31	0	0.29
80.11	95	0.051	0.089
71.6	43	0.023	0.116
64.27	75	0	0.08
70.01	48	0	0.083
62.8	80	0.2	0.1
100.86	57	0.018	0
79.32	40	0	0
60.11	91	0.231	0.11
59.44	56	0.018	0.161
133.5	65	0.062	0.031
80.74	56	0	0.018
57.6	53	0.019	0.17
222.02	36	0.083	0
103.73	40	0.025	0.05
59.1	61	0	0.262
75.79	42	0	0.167
67.04	51	0	0.216
70.41	48	0	0.021
64.83	59	0	0.119
65.81	68	0.015	0.044
54.56	70	0	0.3
67.44	83	0.072	0.133
64.79	55	0	0.036
85.91	66	0.015	0
63.22	44	0	0.227
71.39	58	0	0.052
56.94	37	0.027	0.135
76.87	56	0.036	0.071
65.29	35	0.029	0.114
73.71	88	0	0.023
34.92	16	0	0.438
60.5	37	0	0.054
57.41	20	0	0.2
57.76	47	0	0.149
84	121	0.446	0.058
69.84	86	0	0.174
67.15	52	0	0
83.11	119	0.218	0.025
55.82	67	0	0.239
64.88	82	0	0.098
68.25	60	0.017	0.05
75.23	42	0.024	0.048
119.72	58	0	0.017
62.58	55	0	0.109
61.28	12	0	0.167
72.38	121	0	0.041
60.47	69	0	0.13
64.41	80	0	0.125
247.58	60	0.15	0.017
60.7	60	0	0.217
63.76	55	0.018	0.055
62.48	74	0.027	0.216
54.17	18	0.056	0.167
172.57	39	0.077	0
93.3	49	0	0.041
69.05	68	0	0.103
67.38	102	0	0.039
57.3	13	0	0.077
60.85	94	0.074	0.181
67.41	35	0	0.171
59.03	82	0.049	0.085
65.3	53	0	0.151
59.62	86	0.012	0.221
250.4	66	0.197	0
79.08	83	0	0.012
47.13	25	0	0.32
319.75	68	0.103	0
74.52	36	0.139	0.167
66.51	42	0	0.095
62.39	10	0	0.1
64.18	56	0	0.125
63.81	25	0	0.24
62.66	67	0	0.119
65.55	127	0.252	0.118
55.52	99	0.01	0.061
60.87	109	0.128	0.174
65.45	79	0	0.19
77.32	95	0	0.084
66.74	27	0	0.185
62.14	19	0.105	0.105
73.54	34	0	0.265
71.07	89	0.067	0.09
82.24	247	0.543	0.032
45.3	23	0	0.348
140.45	104	0	0.029
59.11	47	0	0.255
95.48	139	0.36	0.151
149.37	90	0.067	0.022
66.3	109	0	0.018
62.29	141	0.149	0.121
63.64	66	0	0.182
74.09	181	0.315	0.066
78.85	95	0.011	0.011
66.99	77	0	0.026
64.81	64	0	0.078
94.05	145	0.055	0.021
63.76	67	0	0.045
65.2	106	0	0.066
61.36	139	0.043	0.525
80.95	134	0.007	0.015
61.67	63	0	0.127
58.28	107	0	0.252
68.18	42	0	0.214
74.67	92	0.011	0.065
61.03	116	0.009	0.172
58.14	98	0	0.194
64.28	99	0	0.101
65.09	90	0.044	0.056
67.98	39	0	0.231
58.02	109	0	0.128
77.38	115	0	0.052
72.69	186	0.28	0.065
83.33	129	0.295	0
81.02	134	0.276	0.052
58.73	81	0	0.037
69.49	107	0	0.047
61.35	107	0	0.056
48.04	29	0.034	0.31
75.69	101	0.069	0.059
63.14	99	0	0.162
48.83	25	0	0.44
62.13	87	0.011	0.23
134.49	98	0	0.02
64.34	56	0	0.196
41.42	45	0	0.133
83.39	225	0.293	0.022
68.04	111	0.009	0.045
75.17	36	0	0.167
83.63	60	0	0.05
71.85	121	0.008	0.041
77.2	66	0.076	0.258
56.06	87	0	0.138
64.73	69	0.014	0.145
62.54	102	0	0.196
67.09	92	0.011	0.011
63.11	85	0	0.153
70.53	9	0	0.222
49.96	12	0	0.167
48.04	34	0	0.382
91.23	278	0.371	0.022
51.76	50	0.02	0.2
68.67	99	0	0.02
51.75	37	0	0.351
60.03	85	0	0.318
63.26	36	0.028	0.25
82.93	238	0.202	0.029
65.36	81	0	0.173
75.43	79	0	0.038
55.3	81	0.012	0.296
72.79	38	0	0.079
68.12	97	0	0.144
63.38	213	0.254	0.117
57.19	115	0.009	0.13
81.4	297	0.529	0.044
59.12	141	0.007	0.156
70.15	132	0.03	0.068
57.36	75	0	0.253
62.25	109	0.009	0.202
128.79	109	0.046	0.009
72.61	45	0.022	0.133
96.58	31	0	0.097
61.76	156	0	0.077
86.1	281	0.733	0.028
61.05	129	0	0.054
57.74	81	0	0.259
68.31	153	0	0.052
80.53	219	0.009	0.055
67.18	146	0	0.11
70.49	93	0	0.032
76.78	118	0.008	0.102
84.96	47	0	0.085
84.25	155	0.006	0.084
166.05	278	0.36	0.036
72.82	261	0.031	0.057
110.94	301	0.023	0.047
53.83	27	0.963	0
61.36	24	1	0
72.98	76	0.868	0.039
73.16	17	0.941	0
74.36	31	0	0.097
75.37	11	0.818	0.091
77.27	17	0.882	0.059
79.62	28	0.714	0.179
82.47	16	1	0
84.17	9	0.889	0.111
90.88	26	0.923	0
92.06	6	1	0
115.28	5	1	0
121.7	19	1	0
121.81	11	1	0
125.86	9	1	0
134.09	12	1	0
148.67	26	0.885	0
155.22	5	1	0
19.92	7	0	0.714
20.83	41	0.024	0.756
20.83	9	0	0.667
21.63	13	0.077	0.923
24.51	22	0	0.727
24.55	9	0	0.556
25.69	30	0	0.733
28.31	8	0	0.5
30.37	73	0.014	0.795
37	10	0	0.5
48.37	5	0	0.2
54.52	36	0.889	0
56.06	15	1	0
56.33	28	0.964	0.036
60.14	13	0.692	0
60.53	24	0.958	0
60.75	172	0	0.122
60.86	16	0.875	0.125
61.4	74	0.649	0.027
62.32	9	0.889	0.111
63.04	5	0.4	0
64.35	16	0	0.125
64.49	19	0.895	0
64.53	21	0.905	0
64.79	21	0	0.19
64.93	10	1	0
64.95	19	0.737	0
65.38	10	1	0
65.75	31	1	0
65.79	13	0.846	0.077
67.96	61	0.869	0.016
68.35	21	1	0
68.39	21	0.952	0
69.27	14	1	0
69.34	32	0.844	0.031
69.58	10	1	0
69.75	24	1	0
70.11	12	0.833	0
70.26	21	0	0.095
70.35	26	0.962	0
70.48	59	0.966	0
70.56	6	0.833	0
71.21	18	0.722	0
71.24	27	0.963	0
71.35	76	0.974	0
71.66	23	1	0
71.86	43	0.977	0
72.26	13	0.923	0
72.29	19	1	0
72.31	35	0.886	0.057
72.32	139	0.676	0.043
72.35	9	0.889	0
72.39	31	0.871	0.032
72.48	11	0.909	0
72.65	20	0.1	0.2
72.79	18	0.944	0.056
72.93	58	0.879	0.017
73.48	5	0	0
73.75	27	0.963	0
73.94	23	1	0
73.99	15	0.867	0
74.3	33	0.636	0.061
74.69	55	0.927	0
75.29	13	0.923	0
75.33	33	0.667	0.03
75.33	8	0.625	0.125
75.34	11	1	0
75.52	9	0.889	0
75.65	19	0.842	0
76.01	18	0.833	0.111
76.02	104	0.019	0.019
76.23	34	0.941	0.029
76.29	6	1	0
76.72	46	0.978	0
76.94	23	0.957	0
77.09	17	0.824	0.118
77.22	27	0.852	0
77.64	5	1	0
77.66	9	0.889	0.111
77.74	53	0.962	0.038
78.27	6	1	0
78.6	138	0.616	0.007
78.87	30	0.7	0.133
78.92	20	0.7	0
78.92	22	1	0
79.44	35	0.943	0
79.61	23	0.87	0.043
79.7	7	0.714	0.143
79.76	29	0.966	0.034
80	20	0.85	0
80.54	8	0.5	0
81.14	31	0.935	0
81.28	59	1	0
81.43	7	0.857	0
83.02	14	0.929	0.071
83.07	19	1	0
83.31	15	1	0
84.06	75	0.933	0.027
84.16	144	0.806	0.021
84.39	39	0.897	0
84.71	23	0.957	0
85	8	0.75	0.125
85.9	10	0.9	0
86.41	10	0.7	0.1
86.83	28	0.821	0
87.14	10	0.7	0
87.8	34	0.912	0.088
88.07	7	0.571	0.143
89.61	22	1	0
90.11	19	0.947	0
92.16	39	0.846	0
92.43	23	1	0
92.75	8	0.25	0
94.95	5	0.4	0.4
95.39	18	0.833	0
97.34	133	0.752	0.03
98.15	17	0.941	0
100.47	22	0.909	0
101.4	17	0.588	0.059
111.61	7	0	0
113.71	5	0.6	0
114.69	11	1	0
118.59	9	0.667	0
138.69	29	0.897	0
187.77	7	1	0
214.68	27	0.333	0
			
